timestamp,rigid_name,rigid_id,pos0,pos1,pos2,rot0,rot1,rot2,rot3
2019-05-08/15:20:50.145289,cal_design_facebow_small,5,0.13248829543590546,0.02317032776772976,0.010156874544918537,0.5066041946411133,0.49198076128959656,0.49139201641082764,-0.5097460746765137
2019-05-08/15:20:50.145289,cal_design_facebow_normal,6,0.03242095932364464,0.022874923422932625,0.013370796106755733,0.5070738792419434,0.49074679613113403,0.49261465668678284,-0.5092881917953491
2019-05-08/15:20:50.151779,cal_design_facebow_small,5,0.13248774409294128,0.023170916363596916,0.010155490599572659,0.5065978765487671,0.4919688105583191,0.49140802025794983,-0.5097485184669495
2019-05-08/15:20:50.151779,cal_design_facebow_normal,6,0.032418400049209595,0.02287372015416622,0.013370204716920853,0.5070888996124268,0.4907277524471283,0.4926389753818512,-0.5092681646347046
2019-05-08/15:20:50.159717,cal_design_facebow_small,5,0.13248449563980103,0.023171406239271164,0.01015561819076538,0.5066113471984863,0.4919482171535492,0.4914121627807617,-0.50975102186203
2019-05-08/15:20:50.159717,cal_design_facebow_normal,6,0.032417166978120804,0.022873317822813988,0.013370960019528866,0.5070830583572388,0.490750253200531,0.4926261007785797,-0.5092647075653076
2019-05-08/15:20:50.169433,cal_design_facebow_small,5,0.13249066472053528,0.02316822111606598,0.010153243318200111,0.5065485239028931,0.491992324590683,0.4913936257362366,-0.5097886323928833
2019-05-08/15:20:50.169433,cal_design_facebow_normal,6,0.03242003545165062,0.022871822118759155,0.013372001238167286,0.5070914030075073,0.4907636344432831,0.4925941526889801,-0.5092743635177612
2019-05-08/15:20:50.218112,cal_design_facebow_small,5,0.1324855238199234,0.023170577362179756,0.01015365682542324,0.5065878033638,0.4919833540916443,0.4913972020149231,-0.5097547769546509
2019-05-08/15:20:50.218112,cal_design_facebow_normal,6,0.03238138183951378,0.02287713624536991,0.013336392119526863,0.5072060823440552,0.4904114007949829,0.49285760521888733,-0.5092445611953735
2019-05-08/15:20:50.225490,cal_design_facebow_small,5,0.1324889063835144,0.023170776665210724,0.010154691524803638,0.5065922141075134,0.4919652044773102,0.49140816926956177,-0.5097574591636658
2019-05-08/15:20:50.225490,cal_design_facebow_normal,6,0.03241882845759392,0.02287360467016697,0.01337201613932848,0.5070844888687134,0.49074915051460266,0.4926205575466156,-0.509269654750824
2019-05-08/15:20:50.235132,cal_design_facebow_small,5,0.13248716294765472,0.023172108456492424,0.010156459175050259,0.5065968036651611,0.4919721186161041,0.49139994382858276,-0.5097541213035583
2019-05-08/15:20:50.235132,cal_design_facebow_normal,6,0.03242141008377075,0.0228742528706789,0.013371622189879417,0.5070793032646179,0.4907587766647339,0.49261268973350525,-0.509273111820221
2019-05-08/15:20:50.245143,cal_design_facebow_small,5,0.1324857473373413,0.02317606471478939,0.01015437114983797,0.5066182017326355,0.49194058775901794,0.49141597747802734,-0.5097478628158569
2019-05-08/15:20:50.245143,cal_design_facebow_normal,6,0.032420672476291656,0.022877616807818413,0.013371184468269348,0.5070845484733582,0.4907614588737488,0.4925967752933502,-0.5092808604240417
2019-05-08/15:20:50.251631,cal_design_facebow_small,5,0.13249199092388153,0.023173179477453232,0.010158838704228401,0.5065959692001343,0.4920205771923065,0.49132806062698364,-0.5097774863243103
2019-05-08/15:20:50.251631,cal_design_facebow_normal,6,0.032421912997961044,0.02287648431956768,0.013373473659157753,0.5070971846580505,0.4907723367214203,0.4926018714904785,-0.5092527270317078
2019-05-08/15:20:50.260117,cal_design_facebow_small,5,0.13248473405838013,0.023170730099081993,0.010156253352761269,0.5066391229629517,0.4919528663158417,0.4913844168186188,-0.5097455978393555
2019-05-08/15:20:50.260117,cal_design_facebow_normal,6,0.032419584691524506,0.022877749055624008,0.01337041612714529,0.5070890188217163,0.49075350165367126,0.4926033318042755,-0.5092776417732239
2019-05-08/15:20:50.269098,cal_design_facebow_small,5,0.13248899579048157,0.02317352220416069,0.01015719585120678,0.5066266059875488,0.49199455976486206,0.4913617968559265,-0.5097395777702332
2019-05-08/15:20:50.269098,cal_design_facebow_normal,6,0.03242095187306404,0.022875918075442314,0.01337159052491188,0.507098913192749,0.49075695872306824,0.49261701107025146,-0.5092511177062988
2019-05-08/15:20:50.276606,cal_design_facebow_small,5,0.13249219954013824,0.02317340299487114,0.010157939046621323,0.5066039562225342,0.4920271039009094,0.4913274645805359,-0.509763777256012
2019-05-08/15:20:50.276606,cal_design_facebow_normal,6,0.032420236617326736,0.022877151146531105,0.013373631983995438,0.5071238875389099,0.49074870347976685,0.49260833859443665,-0.5092427134513855
2019-05-08/15:20:50.284328,cal_design_facebow_small,5,0.13249260187149048,0.023175865411758423,0.010157270357012749,0.5066146850585938,0.4919833540916443,0.4913463592529297,-0.5097770690917969
2019-05-08/15:20:50.284328,cal_design_facebow_normal,6,0.032423317432403564,0.022879287600517273,0.013372428715229034,0.5070999264717102,0.4907596707344055,0.49260085821151733,-0.509263277053833
2019-05-08/15:20:50.294915,cal_design_facebow_small,5,0.13248863816261292,0.023174578323960304,0.0101573895663023,0.506657600402832,0.49197813868522644,0.4913601279258728,-0.509726345539093
2019-05-08/15:20:50.294915,cal_design_facebow_normal,6,0.03242301940917969,0.022877654060721397,0.013371631503105164,0.5070922374725342,0.4907545745372772,0.49261054396629333,-0.5092665553092957
2019-05-08/15:20:50.301903,cal_design_facebow_small,5,0.13249161839485168,0.023174215108156204,0.010155415162444115,0.5065971612930298,0.4920075237751007,0.4913460314273834,-0.5097715854644775
2019-05-08/15:20:50.301903,cal_design_facebow_normal,6,0.03242257982492447,0.022877970710396767,0.013372521847486496,0.5070916414260864,0.4907643496990204,0.49259883165359497,-0.5092689394950867
2019-05-08/15:20:50.311883,cal_design_facebow_small,5,0.13248582184314728,0.023173173889517784,0.01015554741024971,0.506628692150116,0.49195927381515503,0.4913790822029114,-0.5097548365592957
2019-05-08/15:20:50.311883,cal_design_facebow_normal,6,0.032419994473457336,0.022877635434269905,0.01337132602930069,0.5071000456809998,0.4907451868057251,0.4926203191280365,-0.5092583298683167
2019-05-08/15:20:50.318870,cal_design_facebow_small,5,0.1324877291917801,0.02317427657544613,0.010155143216252327,0.5066343545913696,0.4919675886631012,0.4913930892944336,-0.5097278356552124
2019-05-08/15:20:50.318870,cal_design_facebow_normal,6,0.03242194652557373,0.022877434268593788,0.013371748849749565,0.5070871114730835,0.4907648265361786,0.4926067292690277,-0.5092653036117554
2019-05-08/15:20:50.327353,cal_design_facebow_small,5,0.13249126076698303,0.023174704983830452,0.010157164186239243,0.5066197514533997,0.49200206995010376,0.49134570360183716,-0.5097547769546509
2019-05-08/15:20:50.327353,cal_design_facebow_normal,6,0.03242203965783119,0.02287544496357441,0.013371801003813744,0.5071020722389221,0.4907471239566803,0.4926186501979828,-0.5092558860778809
2019-05-08/15:20:50.336337,cal_design_facebow_small,5,0.1324884593486786,0.023172501474618912,0.010155929252505302,0.5066217184066772,0.49198636412620544,0.4913574755191803,-0.5097565650939941
2019-05-08/15:20:50.336337,cal_design_facebow_normal,6,0.0324200876057148,0.022876828908920288,0.01337059773504734,0.5071117877960205,0.4907391369342804,0.4926278591156006,-0.5092450976371765
2019-05-08/15:20:50.344777,cal_design_facebow_small,5,0.13248708844184875,0.02317250706255436,0.010155156254768372,0.5066048502922058,0.49197909235954285,0.4913758635520935,-0.5097624659538269
2019-05-08/15:20:50.344777,cal_design_facebow_normal,6,0.03241916745901108,0.022874385118484497,0.013371068984270096,0.5070914030075073,0.4907728135585785,0.49259936809539795,-0.5092604756355286
2019-05-08/15:20:50.351263,cal_design_facebow_small,5,0.13248394429683685,0.023169072344899178,0.010153569281101227,0.5066362619400024,0.49193695187568665,0.4914218783378601,-0.5097277760505676
2019-05-08/15:20:50.351263,cal_design_facebow_normal,6,0.032418832182884216,0.022871149703860283,0.013370598666369915,0.5070926547050476,0.4907451570034027,0.49262624979019165,-0.509259819984436
2019-05-08/15:20:50.361879,cal_design_facebow_small,5,0.13248760998249054,0.023171989247202873,0.010153360664844513,0.5065931677818298,0.491967111825943,0.49140727519989014,-0.5097556114196777
2019-05-08/15:20:50.361879,cal_design_facebow_normal,6,0.03241955116391182,0.022871777415275574,0.013370338827371597,0.5070897936820984,0.49075040221214294,0.4926336109638214,-0.5092505216598511
2019-05-08/15:20:50.368868,cal_design_facebow_small,5,0.13249064981937408,0.023169854655861855,0.010155560448765755,0.5065786242485046,0.49200913310050964,0.4913507401943207,-0.5097838640213013
2019-05-08/15:20:50.368868,cal_design_facebow_normal,6,0.03241918236017227,0.02287249267101288,0.013371488079428673,0.5071040391921997,0.4907534420490265,0.49262821674346924,-0.5092386603355408
2019-05-08/15:20:50.376115,cal_design_facebow_small,5,0.13248907029628754,0.023170458152890205,0.010154045186936855,0.5065833330154419,0.4919756054878235,0.49139106273651123,-0.5097726583480835
2019-05-08/15:20:50.376115,cal_design_facebow_normal,6,0.032419491559267044,0.022872935980558395,0.013371994718909264,0.5071118474006653,0.4907481074333191,0.49259984493255615,-0.5092634558677673
2019-05-08/15:20:50.385619,cal_design_facebow_small,5,0.13248702883720398,0.023170659318566322,0.01015437301248312,0.5065641403198242,0.4919827878475189,0.4913898706436157,-0.5097859501838684
2019-05-08/15:20:50.385619,cal_design_facebow_normal,6,0.03241581842303276,0.022872280329465866,0.013371496461331844,0.507114827632904,0.49074140191078186,0.49261704087257385,-0.509250283241272
2019-05-08/15:20:50.394103,cal_design_facebow_small,5,0.1324838548898697,0.02316938526928425,0.01015101745724678,0.5065915584564209,0.4919215142726898,0.49146243929862976,-0.5097478032112122
2019-05-08/15:20:50.394103,cal_design_facebow_normal,6,0.03241762891411781,0.022870313376188278,0.013370032422244549,0.5070734024047852,0.4907592535018921,0.4926094710826874,-0.5092816948890686
2019-05-08/15:20:50.401090,cal_design_facebow_small,5,0.13248670101165771,0.023168837651610374,0.010152001865208149,0.5065771341323853,0.49194738268852234,0.4914270043373108,-0.5097714066505432
2019-05-08/15:20:50.401090,cal_design_facebow_normal,6,0.032417524605989456,0.022870423272252083,0.01337074302136898,0.5070787072181702,0.4907647669315338,0.49261754751205444,-0.5092633366584778
2019-05-08/15:20:50.411591,cal_design_facebow_small,5,0.13248994946479797,0.023169949650764465,0.010153286159038544,0.5065582394599915,0.4919752776622772,0.49137917160987854,-0.5098093748092651
2019-05-08/15:20:50.411591,cal_design_facebow_normal,6,0.032418910413980484,0.022872619330883026,0.013369542546570301,0.5070947408676147,0.4907427430152893,0.49262359738349915,-0.5092628002166748
2019-05-08/15:20:50.418577,cal_design_facebow_small,5,0.13248492777347565,0.02317066676914692,0.010155378840863705,0.5066046118736267,0.49196523427963257,0.4914132058620453,-0.5097402930259705
2019-05-08/15:20:50.418577,cal_design_facebow_normal,6,0.03242155909538269,0.0228725653141737,0.01337042823433876,0.5070602893829346,0.4907683730125427,0.49258309602737427,-0.5093114972114563
2019-05-08/15:20:50.428503,cal_design_facebow_small,5,0.1324874609708786,0.02317240461707115,0.01015498861670494,0.506578803062439,0.4919741451740265,0.49139204621315,-0.5097776055335999
2019-05-08/15:20:50.428503,cal_design_facebow_normal,6,0.032418716698884964,0.02287399396300316,0.013371529057621956,0.5070756077766418,0.4907606840133667,0.4926169812679291,-0.5092708468437195
2019-05-08/15:20:50.435492,cal_design_facebow_small,5,0.13248832523822784,0.023171227425336838,0.010156679898500443,0.5065988898277283,0.49199527502059937,0.49137115478515625,-0.5097575187683105
2019-05-08/15:20:50.435492,cal_design_facebow_normal,6,0.03241906687617302,0.022873958572745323,0.01337070669978857,0.507085919380188,0.4907485842704773,0.49261945486068726,-0.5092698931694031
2019-05-08/15:20:50.443974,cal_design_facebow_small,5,0.13248910009860992,0.023172345012426376,0.010152505710721016,0.506549596786499,0.49199819564819336,0.49136883020401,-0.5098058581352234
2019-05-08/15:20:50.443974,cal_design_facebow_normal,6,0.03242018446326256,0.022875076159834862,0.013371536508202553,0.5070742964744568,0.4907680153846741,0.4926043450832367,-0.5092772841453552
2019-05-08/15:20:50.452965,cal_design_facebow_small,5,0.13248951733112335,0.023173635825514793,0.010155107825994492,0.506599485874176,0.4919896423816681,0.49137255549430847,-0.5097610354423523
2019-05-08/15:20:50.452965,cal_design_facebow_normal,6,0.032418712973594666,0.022875262424349785,0.013370029628276825,0.50709468126297,0.4907471239566803,0.4926320016384125,-0.5092504620552063
2019-05-08/15:20:50.460533,cal_design_facebow_small,5,0.1324915885925293,0.02317192405462265,0.01015604566782713,0.5065928101539612,0.49200597405433655,0.49134302139282227,-0.5097804069519043
2019-05-08/15:20:50.460533,cal_design_facebow_normal,6,0.03242168202996254,0.022877037525177002,0.013371095061302185,0.5070884823799133,0.49075984954833984,0.4926024377346039,-0.5092729926109314
2019-05-08/15:20:50.468019,cal_design_facebow_small,5,0.1324881613254547,0.02317439764738083,0.010156767442822456,0.506642758846283,0.49196746945381165,0.4913899898529053,-0.5097225308418274
2019-05-08/15:20:50.468019,cal_design_facebow_normal,6,0.03242078796029091,0.02287648431956768,0.013372431509196758,0.507106363773346,0.4907497465610504,0.492610365152359,-0.5092571973800659
2019-05-08/15:20:50.478001,cal_design_facebow_small,5,0.13248787820339203,0.02317538857460022,0.01015546265989542,0.5066379308700562,0.4919602572917938,0.4913693070411682,-0.5097542405128479
2019-05-08/15:20:50.478001,cal_design_facebow_normal,6,0.03242012485861778,0.02287854254245758,0.013371524401009083,0.5071133971214294,0.4907575249671936,0.492599755525589,-0.5092529654502869
2019-05-08/15:20:50.485984,cal_design_facebow_small,5,0.132489874958992,0.023174025118350983,0.010157883167266846,0.5066333413124084,0.4919944107532501,0.49135980010032654,-0.5097350478172302
2019-05-08/15:20:50.485984,cal_design_facebow_normal,6,0.03242216631770134,0.02287956140935421,0.013370214961469173,0.5070999264717102,0.49074414372444153,0.4926210343837738,-0.5092588067054749
2019-05-08/15:20:50.493970,cal_design_facebow_small,5,0.1324881613254547,0.023174704983830452,0.010155795142054558,0.506656289100647,0.4919605851173401,0.4913669228553772,-0.5097379684448242
2019-05-08/15:20:50.493970,cal_design_facebow_normal,6,0.032422833144664764,0.022878142073750496,0.013371292501688004,0.5071038603782654,0.4907549023628235,0.49261218309402466,-0.5092530846595764
2019-05-08/15:20:50.503338,cal_design_facebow_small,5,0.13248635828495026,0.023172633722424507,0.010157604701817036,0.5066868662834167,0.49193671345710754,0.4913859963417053,-0.5097121596336365
2019-05-08/15:20:50.503338,cal_design_facebow_normal,6,0.03242146596312523,0.02287716045975685,0.01337093859910965,0.5070942044258118,0.4907577931880951,0.4926046133041382,-0.509267270565033
2019-05-08/15:20:50.511820,cal_design_facebow_small,5,0.13249057531356812,0.0231749527156353,0.010156835429370403,0.5066211223602295,0.4919867217540741,0.4913422763347626,-0.5097715854644775
2019-05-08/15:20:50.511820,cal_design_facebow_normal,6,0.03242236003279686,0.022878497838974,0.013370824977755547,0.5071088075637817,0.4907602369785309,0.49260637164115906,-0.5092484951019287
2019-05-08/15:20:50.517806,cal_design_facebow_small,5,0.13248838484287262,0.023172827437520027,0.01015675812959671,0.5066261291503906,0.4919954538345337,0.49134311079978943,-0.5097571611404419
2019-05-08/15:20:50.517806,cal_design_facebow_normal,6,0.032423555850982666,0.0228782556951046,0.013371150940656662,0.507072389125824,0.4907631278038025,0.49261388182640076,-0.5092748403549194
2019-05-08/15:20:50.528136,cal_design_facebow_small,5,0.13248956203460693,0.023171288892626762,0.01015519816428423,0.506599485874176,0.4919886887073517,0.4913599193096161,-0.5097739696502686
2019-05-08/15:20:50.528136,cal_design_facebow_normal,6,0.03242161124944687,0.02287575975060463,0.013370887376368046,0.5070875883102417,0.49076709151268005,0.4926100969314575,-0.5092595219612122
2019-05-08/15:20:50.534622,cal_design_facebow_small,5,0.13249137997627258,0.023171978071331978,0.010155189782381058,0.5066130757331848,0.4919992685317993,0.49135056138038635,-0.509759247303009
2019-05-08/15:20:50.534622,cal_design_facebow_normal,6,0.032423947006464005,0.022875100374221802,0.013368384912610054,0.5070558786392212,0.490755170583725,0.49262145161628723,-0.5092915296554565
2019-05-08/15:20:50.545346,cal_design_facebow_small,5,0.13248851895332336,0.02317309007048607,0.010156122967600822,0.5066214203834534,0.491995245218277,0.4913766086101532,-0.5097297430038452
2019-05-08/15:20:50.545346,cal_design_facebow_normal,6,0.03242146596312523,0.022874867543578148,0.013369476422667503,0.5070881843566895,0.4907565116882324,0.49261537194252014,-0.5092639327049255
2019-05-08/15:20:50.552333,cal_design_facebow_small,5,0.13248832523822784,0.02317195013165474,0.010154862888157368,0.5066202878952026,0.4919813275337219,0.4913676977157593,-0.5097529292106628
2019-05-08/15:20:50.552333,cal_design_facebow_normal,6,0.03241961821913719,0.02287512645125389,0.013370245695114136,0.5070984959602356,0.49075081944465637,0.4926103949546814,-0.5092640519142151
2019-05-08/15:20:50.560320,cal_design_facebow_small,5,0.13248907029628754,0.023169804364442825,0.01015615463256836,0.5066241025924683,0.4919864237308502,0.4913526773452759,-0.5097587704658508
2019-05-08/15:20:50.560320,cal_design_facebow_normal,6,0.032419923692941666,0.02287214621901512,0.013370473869144917,0.5071022510528564,0.49074774980545044,0.4926142394542694,-0.5092594623565674
2019-05-08/15:20:50.569421,cal_design_facebow_small,5,0.13249154388904572,0.023171762004494667,0.010153059847652912,0.5065734386444092,0.49199020862579346,0.4913661479949951,-0.5097924470901489
2019-05-08/15:20:50.569421,cal_design_facebow_normal,6,0.03242127224802971,0.022874871268868446,0.013370642438530922,0.5070937871932983,0.4907553493976593,0.4925963580608368,-0.5092777609825134
2019-05-08/15:20:50.578403,cal_design_facebow_small,5,0.13248735666275024,0.023169614374637604,0.010153534822165966,0.5065966248512268,0.4919847548007965,0.4913824200630188,-0.5097590088844299
2019-05-08/15:20:50.578403,cal_design_facebow_normal,6,0.03241579979658127,0.02287016436457634,0.013372007757425308,0.5071102380752563,0.49075329303741455,0.49262097477912903,-0.5092395544052124
2019-05-08/15:20:50.584393,cal_design_facebow_small,5,0.132487952709198,0.023168234154582024,0.01015428639948368,0.5065754652023315,0.49199149012565613,0.4913777709007263,-0.5097779035568237
2019-05-08/15:20:50.584393,cal_design_facebow_normal,6,0.032420311123132706,0.022871050983667374,0.013368673622608185,0.5070542693138123,0.49077215790748596,0.49260413646698,-0.5092933773994446
2019-05-08/15:20:50.595000,cal_design_facebow_small,5,0.13248716294765472,0.023169515654444695,0.010154183954000473,0.506600022315979,0.49196964502334595,0.49139732122421265,-0.5097559094429016
2019-05-08/15:20:50.595000,cal_design_facebow_normal,6,0.032419320195913315,0.022871652618050575,0.01336991973221302,0.5070757269859314,0.4907490909099579,0.49261829257011414,-0.509280800819397
2019-05-08/15:20:50.601987,cal_design_facebow_small,5,0.13248391449451447,0.023170148953795433,0.010152649134397507,0.5066201090812683,0.49192482233047485,0.49144190549850464,-0.5097362399101257
2019-05-08/15:20:50.601987,cal_design_facebow_normal,6,0.03241981938481331,0.022873183712363243,0.013370530679821968,0.5070704221725464,0.490764319896698,0.4926115870475769,-0.509277880191803
2019-05-08/15:20:50.611530,cal_design_facebow_small,5,0.13248969614505768,0.02317335456609726,0.010153422132134438,0.5065537095069885,0.4919975996017456,0.4913616180419922,-0.5098093748092651
2019-05-08/15:20:50.611530,cal_design_facebow_normal,6,0.032419078052043915,0.02287270501255989,0.013370583765208721,0.5070807337760925,0.49075090885162354,0.4926225543022156,-0.5092698335647583
2019-05-08/15:20:50.619017,cal_design_facebow_small,5,0.1324864774942398,0.02317246049642563,0.010154628194868565,0.5066145658493042,0.49195539951324463,0.4913942813873291,-0.5097579956054688
2019-05-08/15:20:50.619017,cal_design_facebow_normal,6,0.03241940960288048,0.022873250767588615,0.013371428474783897,0.5070918202400208,0.4907567799091339,0.49261507391929626,-0.5092604160308838
2019-05-08/15:20:50.627001,cal_design_facebow_small,5,0.132487490773201,0.023171039298176765,0.01015480700880289,0.5065819025039673,0.4919883608818054,0.4913829267024994,-0.5097696781158447
2019-05-08/15:20:50.627001,cal_design_facebow_normal,6,0.03241930156946182,0.022872695699334145,0.013370503671467304,0.5070716738700867,0.4907623529434204,0.492595374584198,-0.5092942118644714
2019-05-08/15:20:50.635222,cal_design_facebow_small,5,0.13248558342456818,0.023172348737716675,0.010154183954000473,0.5066121816635132,0.49194207787513733,0.4914284646511078,-0.5097402930259705
2019-05-08/15:20:50.635222,cal_design_facebow_normal,6,0.032418858259916306,0.02287301793694496,0.013371428474783897,0.507095456123352,0.49074721336364746,0.49261385202407837,-0.509267270565033
2019-05-08/15:20:50.642707,cal_design_facebow_small,5,0.13248620927333832,0.023172881454229355,0.010156543925404549,0.5066397190093994,0.4919549822807312,0.4914155602455139,-0.5097130537033081
2019-05-08/15:20:50.642707,cal_design_facebow_normal,6,0.03242283686995506,0.022875985130667686,0.013370838016271591,0.5070860385894775,0.4907534718513489,0.49260199069976807,-0.5092820525169373
2019-05-08/15:20:50.652686,cal_design_facebow_small,5,0.13248944282531738,0.023175623267889023,0.010154522024095058,0.5065946578979492,0.4919723868370056,0.49138641357421875,-0.5097689032554626
2019-05-08/15:20:50.652686,cal_design_facebow_normal,6,0.03242259845137596,0.02287660352885723,0.013371520675718784,0.5070823431015015,0.4907599687576294,0.49259641766548157,-0.5092847347259521
2019-05-08/15:20:50.660672,cal_design_facebow_small,5,0.13248835504055023,0.02317231334745884,0.010158400051295757,0.5066234469413757,0.4919780492782593,0.4913567304611206,-0.5097635984420776
2019-05-08/15:20:50.660672,cal_design_facebow_normal,6,0.03241753205657005,0.022876057773828506,0.013371428474783897,0.5071057677268982,0.49075353145599365,0.49261948466300964,-0.5092453360557556
2019-05-08/15:20:50.667661,cal_design_facebow_small,5,0.13248640298843384,0.023173263296484947,0.010157473385334015,0.5066532492637634,0.49196457862854004,0.49137240648269653,-0.5097317695617676
2019-05-08/15:20:50.667661,cal_design_facebow_normal,6,0.032420434057712555,0.022875644266605377,0.013370303437113762,0.5070910453796387,0.4907379150390625,0.49262186884880066,-0.5092726945877075
2019-05-08/15:20:50.678639,cal_design_facebow_small,5,0.13248731195926666,0.02317364327609539,0.01015664916485548,0.5066023468971252,0.4919823110103607,0.4913797080516815,-0.5097582340240479
2019-05-08/15:20:50.678639,cal_design_facebow_normal,6,0.032421521842479706,0.022875692695379257,0.013371266424655914,0.5070953965187073,0.4907507598400116,0.49261003732681274,-0.5092675089836121
2019-05-08/15:20:50.685623,cal_design_facebow_small,5,0.13248904049396515,0.023172777146100998,0.010155366733670235,0.5066103935241699,0.4919726848602295,0.4913897216320038,-0.5097498893737793
2019-05-08/15:20:50.685623,cal_design_facebow_normal,6,0.03242391720414162,0.022876642644405365,0.013370679691433907,0.5070798993110657,0.49076759815216064,0.4925926923751831,-0.5092834830284119
2019-05-08/15:20:50.693746,cal_design_facebow_small,5,0.13249146938323975,0.0231741052120924,0.010156657546758652,0.5066257119178772,0.49198397994041443,0.49135375022888184,-0.5097584128379822
2019-05-08/15:20:50.693746,cal_design_facebow_normal,6,0.03242352604866028,0.02287636138498783,0.013370845466852188,0.5070978403091431,0.4907320737838745,0.49262768030166626,-0.5092659592628479
2019-05-08/15:20:50.702815,cal_design_facebow_small,5,0.13248997926712036,0.023173658177256584,0.010154396295547485,0.5065946578979492,0.4919871985912323,0.4913733899593353,-0.5097673535346985
2019-05-08/15:20:50.702815,cal_design_facebow_normal,6,0.03242117539048195,0.022876927629113197,0.013370536267757416,0.5070970058441162,0.49074968695640564,0.4926154613494873,-0.5092616677284241
2019-05-08/15:20:50.710304,cal_design_facebow_small,5,0.132486954331398,0.02317219227552414,0.010155018419027328,0.5065996646881104,0.49197646975517273,0.49138766527175903,-0.5097589492797852
2019-05-08/15:20:50.710304,cal_design_facebow_normal,6,0.032419122755527496,0.02287590503692627,0.01337006501853466,0.5070841312408447,0.49074870347976685,0.4926244914531708,-0.5092667937278748
2019-05-08/15:20:50.718801,cal_design_facebow_small,5,0.1324881911277771,0.023171672597527504,0.01015556138008833,0.5066182613372803,0.49198782444000244,0.49135658144950867,-0.5097594261169434
2019-05-08/15:20:50.718801,cal_design_facebow_normal,6,0.03242175653576851,0.022874843329191208,0.013369884341955185,0.5070862770080566,0.49074849486351013,0.4926096200942993,-0.5092790722846985
2019-05-08/15:20:50.727282,cal_design_facebow_small,5,0.13248978555202484,0.02317127399146557,0.010154826566576958,0.5066133141517639,0.49196717143058777,0.4913855791091919,-0.509756326675415
2019-05-08/15:20:50.727282,cal_design_facebow_normal,6,0.032421305775642395,0.022874491289258003,0.013370588421821594,0.5071127414703369,0.4907415509223938,0.49261707067489624,-0.5092522501945496
2019-05-08/15:20:50.736339,cal_design_facebow_small,5,0.13248993456363678,0.0231703482568264,0.010156098753213882,0.5066247582435608,0.49200454354286194,0.49135228991508484,-0.509740948677063
2019-05-08/15:20:50.736339,cal_design_facebow_normal,6,0.0324200838804245,0.022872895002365112,0.013371016830205917,0.5071219205856323,0.4907495379447937,0.49260103702545166,-0.5092508792877197
2019-05-08/15:20:50.743620,cal_design_facebow_small,5,0.1324896216392517,0.023172004148364067,0.010155636817216873,0.5066032409667969,0.4919978082180023,0.49135127663612366,-0.5097699165344238
2019-05-08/15:20:50.743620,cal_design_facebow_normal,6,0.0324220284819603,0.022874534130096436,0.013370935805141926,0.5070817470550537,0.49076834321022034,0.492607444524765,-0.50926673412323
2019-05-08/15:20:50.751107,cal_design_facebow_small,5,0.13248588144779205,0.023170549422502518,0.010156702250242233,0.5066261291503906,0.491963654756546,0.4913938343524933,-0.509739100933075
2019-05-08/15:20:50.751107,cal_design_facebow_normal,6,0.03242139145731926,0.022873662412166595,0.013370280154049397,0.5070644021034241,0.4907553195953369,0.49261474609375,-0.5092894434928894
2019-05-08/15:20:50.761089,cal_design_facebow_small,5,0.13248427212238312,0.023166637867689133,0.010153984650969505,0.5066152811050415,0.49194976687431335,0.49142783880233765,-0.509730339050293
2019-05-08/15:20:50.761089,cal_design_facebow_normal,6,0.03241739049553871,0.022870445623993874,0.013369078747928143,0.5070942640304565,0.4907432496547699,0.49261605739593506,-0.5092699527740479
2019-05-08/15:20:50.768073,cal_design_facebow_small,5,0.132487952709198,0.023169346153736115,0.010152451694011688,0.5065962076187134,0.49197182059288025,0.49139338731765747,-0.5097613334655762
2019-05-08/15:20:50.768073,cal_design_facebow_normal,6,0.03242091089487076,0.022870080545544624,0.013370130211114883,0.5070710778236389,0.490768164396286,0.49260929226875305,-0.5092756152153015
2019-05-08/15:20:50.778057,cal_design_facebow_small,5,0.13248814642429352,0.023172246292233467,0.01015380397439003,0.5065836906433105,0.4919871985912323,0.4913795590400696,-0.5097721219062805
2019-05-08/15:20:50.778057,cal_design_facebow_normal,6,0.03241848200559616,0.0228718351572752,0.013370376080274582,0.5071068406105042,0.4907341003417969,0.4926196038722992,-0.5092629790306091
2019-05-08/15:20:50.786040,cal_design_facebow_small,5,0.13248416781425476,0.02316887117922306,0.010154560208320618,0.5065976977348328,0.49194639921188354,0.4914368689060211,-0.5097423791885376
2019-05-08/15:20:50.786040,cal_design_facebow_normal,6,0.032421261072158813,0.022871792316436768,0.013371014967560768,0.5070756673812866,0.49077022075653076,0.49258628487586975,-0.5092913508415222
2019-05-08/15:20:50.795022,cal_design_facebow_small,5,0.13248924911022186,0.02316945232450962,0.010155091062188148,0.5065684914588928,0.4920012056827545,0.49137386679649353,-0.5097793340682983
2019-05-08/15:20:50.795022,cal_design_facebow_normal,6,0.03241670876741409,0.022870268672704697,0.013372134417295456,0.5070983171463013,0.4907405972480774,0.4926343858242035,-0.509250819683075
2019-05-08/15:20:50.802150,cal_design_facebow_small,5,0.1324823796749115,0.023170240223407745,0.0101542379707098,0.5066205263137817,0.4919281601905823,0.49143826961517334,-0.5097359418869019
2019-05-08/15:20:50.802150,cal_design_facebow_normal,6,0.03241804242134094,0.0228721983730793,0.013370567932724953,0.5070887804031372,0.4907400906085968,0.4926290810108185,-0.5092659592628479
2019-05-08/15:20:50.810635,cal_design_facebow_small,5,0.132486492395401,0.023169733583927155,0.010155372321605682,0.5065996050834656,0.4919852018356323,0.4913925230503082,-0.5097458958625793
2019-05-08/15:20:50.810635,cal_design_facebow_normal,6,0.03241840749979019,0.022874625399708748,0.013368570245802402,0.5070880651473999,0.49073705077171326,0.49260878562927246,-0.5092891454696655
2019-05-08/15:20:50.817620,cal_design_facebow_small,5,0.13248930871486664,0.023169007152318954,0.010152919217944145,0.5065633058547974,0.4919918179512024,0.4913842976093292,-0.5097834467887878
2019-05-08/15:20:50.817620,cal_design_facebow_normal,6,0.03241947293281555,0.0228725653141737,0.013369493186473846,0.5070691704750061,0.4907686412334442,0.49260804057121277,-0.5092782974243164
2019-05-08/15:20:50.828102,cal_design_facebow_small,5,0.13248789310455322,0.023171428591012955,0.010156172327697277,0.506619930267334,0.49198609590530396,0.491382360458374,-0.5097345113754272
2019-05-08/15:20:50.828102,cal_design_facebow_normal,6,0.032419268041849136,0.02287312038242817,0.01337188109755516,0.5070986151695251,0.4907541275024414,0.4926200211048126,-0.5092513561248779
2019-05-08/15:20:50.834798,cal_design_facebow_small,5,0.13248775899410248,0.023174436762928963,0.010157295502722263,0.5065812468528748,0.4920060336589813,0.4913674294948578,-0.5097683072090149
2019-05-08/15:20:50.834798,cal_design_facebow_normal,6,0.03241918981075287,0.022874725982546806,0.013371257111430168,0.5070875287055969,0.4907494783401489,0.49262499809265137,-0.5092619061470032
2019-05-08/15:20:50.845423,cal_design_facebow_small,5,0.13248948752880096,0.023174604400992393,0.010154412128031254,0.5065512657165527,0.49200332164764404,0.4913882613182068,-0.5097805857658386
2019-05-08/15:20:50.845423,cal_design_facebow_normal,6,0.032420020550489426,0.022874729707837105,0.013372167944908142,0.5070856809616089,0.4907589256763458,0.4926070272922516,-0.5092722773551941
2019-05-08/15:20:50.851516,cal_design_facebow_small,5,0.13248950242996216,0.023170407861471176,0.010157067328691483,0.5066058039665222,0.49198606610298157,0.4913623332977295,-0.5097679495811462
2019-05-08/15:20:50.851516,cal_design_facebow_normal,6,0.03242146223783493,0.02287672460079193,0.013370756059885025,0.5070828199386597,0.4907522201538086,0.49262428283691406,-0.5092648863792419
2019-05-08/15:20:50.860001,cal_design_facebow_small,5,0.13248677551746368,0.023173395544290543,0.010155122727155685,0.5066205859184265,0.4919593930244446,0.49139100313186646,-0.5097514390945435
2019-05-08/15:20:50.860001,cal_design_facebow_normal,6,0.0324210487306118,0.022876590490341187,0.013371363282203674,0.507090151309967,0.4907558858394623,0.492601603269577,-0.5092759728431702
2019-05-08/15:20:50.869011,cal_design_facebow_small,5,0.13248541951179504,0.023172788321971893,0.010158567689359188,0.5066328048706055,0.4919954538345337,0.4913695752620697,-0.5097251534461975
2019-05-08/15:20:50.869011,cal_design_facebow_normal,6,0.03241771459579468,0.02287600003182888,0.013371814042329788,0.5071121454238892,0.4907355010509491,0.49262911081314087,-0.5092470049858093
2019-05-08/15:20:50.877489,cal_design_facebow_small,5,0.13248954713344574,0.023174498230218887,0.010157741606235504,0.5066065192222595,0.49200230836868286,0.49133720993995667,-0.5097758769989014
2019-05-08/15:20:50.877489,cal_design_facebow_normal,6,0.03242165222764015,0.022877337411046028,0.013372967019677162,0.5071079730987549,0.490753710269928,0.492605596780777,-0.5092564225196838
2019-05-08/15:20:50.886560,cal_design_facebow_small,5,0.13248905539512634,0.023174649104475975,0.010157417505979538,0.5066272616386414,0.4919886887073517,0.49135392904281616,-0.5097522139549255
2019-05-08/15:20:50.886560,cal_design_facebow_normal,6,0.03242143988609314,0.02287868596613407,0.013372227549552917,0.5071015954017639,0.49074500799179077,0.4926253855228424,-0.5092520713806152
2019-05-08/15:20:50.895542,cal_design_facebow_small,5,0.1324933022260666,0.023172713816165924,0.010155098512768745,0.506557822227478,0.49201416969299316,0.4913312792778015,-0.509818434715271
2019-05-08/15:20:50.895542,cal_design_facebow_normal,6,0.032423462718725204,0.022877516224980354,0.013370255939662457,0.5070797204971313,0.49077513813972473,0.4925887882709503,-0.5092800855636597
2019-05-08/15:20:50.902031,cal_design_facebow_small,5,0.1324889361858368,0.023171784356236458,0.010155524127185345,0.5065953731536865,0.4919894337654114,0.49136313796043396,-0.5097743272781372
2019-05-08/15:20:50.902031,cal_design_facebow_normal,6,0.03242310509085655,0.022876393049955368,0.013370800763368607,0.5071014165878296,0.49075451493263245,0.49259713292121887,-0.509270429611206
2019-05-08/15:20:50.910516,cal_design_facebow_small,5,0.1324891895055771,0.023174256086349487,0.010154417715966702,0.5066115856170654,0.4919820725917816,0.4913841784000397,-0.5097450613975525
2019-05-08/15:20:50.910516,cal_design_facebow_normal,6,0.032422713935375214,0.022873472422361374,0.013370316475629807,0.5070749521255493,0.4907551109790802,0.49261248111724854,-0.5092811584472656
2019-05-08/15:20:50.919023,cal_design_facebow_small,5,0.13248953223228455,0.023171374574303627,0.01015513762831688,0.5065823793411255,0.49199429154396057,0.4913773238658905,-0.5097689628601074
2019-05-08/15:20:50.919023,cal_design_facebow_normal,6,0.03242137283086777,0.022873859852552414,0.013370676897466183,0.5070810914039612,0.49075689911842346,0.4926140606403351,-0.5092719793319702
2019-05-08/15:20:50.927506,cal_design_facebow_small,5,0.13248957693576813,0.023172693327069283,0.010155740194022655,0.5066157579421997,0.4919832944869995,0.49136883020401,-0.5097544193267822
2019-05-08/15:20:50.927506,cal_design_facebow_normal,6,0.03242151811718941,0.022874943912029266,0.013371424749493599,0.5071031451225281,0.4907509982585907,0.4926128089427948,-0.5092567801475525
2019-05-08/15:20:50.936491,cal_design_facebow_small,5,0.13248656690120697,0.023172173649072647,0.010157507844269276,0.5066457390785217,0.49198052287101746,0.4913770258426666,-0.5097195506095886
2019-05-08/15:20:50.936491,cal_design_facebow_normal,6,0.03242022171616554,0.022873345762491226,0.01337223406881094,0.5071074366569519,0.49074694514274597,0.49261292815208435,-0.5092564225196838
2019-05-08/15:20:50.943977,cal_design_facebow_small,5,0.13248659670352936,0.02316999062895775,0.010152621194720268,0.5066042542457581,0.4919673800468445,0.4913989305496216,-0.5097523331642151
2019-05-08/15:20:50.943977,cal_design_facebow_normal,6,0.03241981193423271,0.022872857749462128,0.013370898552238941,0.5070895552635193,0.49076780676841736,0.49260348081588745,-0.5092633366584778
2019-05-08/15:20:50.953298,cal_design_facebow_small,5,0.1324889361858368,0.02316868118941784,0.010153081268072128,0.5065819025039673,0.49198582768440247,0.49138227105140686,-0.5097725987434387
2019-05-08/15:20:50.953298,cal_design_facebow_normal,6,0.03241865709424019,0.022871538996696472,0.013369856402277946,0.5071041584014893,0.4907550811767578,0.4926152229309082,-0.5092496275901794
2019-05-08/15:20:50.960784,cal_design_facebow_small,5,0.1324884295463562,0.023170724511146545,0.010153308510780334,0.5065885782241821,0.49198779463768005,0.49136483669281006,-0.509781002998352
2019-05-08/15:20:50.960784,cal_design_facebow_normal,6,0.03241879492998123,0.022872088477015495,0.013369676657021046,0.5070853233337402,0.49075356125831604,0.4926045835018158,-0.5092802047729492
2019-05-08/15:20:50.968268,cal_design_facebow_small,5,0.13249073922634125,0.02317068725824356,0.010154391638934612,0.5065582394599915,0.4920015335083008,0.4913594126701355,-0.5098031759262085
2019-05-08/15:20:50.968268,cal_design_facebow_normal,6,0.03241876885294914,0.022871509194374084,0.013371741399168968,0.5071000456809998,0.49074918031692505,0.49261027574539185,-0.5092642307281494
2019-05-08/15:20:50.977830,cal_design_facebow_small,5,0.13248787820339203,0.02316931076347828,0.010155398398637772,0.5065743327140808,0.49199315905570984,0.49137604236602783,-0.5097790956497192
2019-05-08/15:20:50.977830,cal_design_facebow_normal,6,0.03241990506649017,0.022872796282172203,0.013371330685913563,0.5070950388908386,0.4907607138156891,0.4926092326641083,-0.509259045124054
2019-05-08/15:20:50.985142,cal_design_facebow_small,5,0.13248899579048157,0.023169325664639473,0.010154890827834606,0.5065572261810303,0.4920032322406769,0.4913736879825592,-0.5097887516021729
2019-05-08/15:20:50.985142,cal_design_facebow_normal,6,0.0324203222990036,0.022873373702168465,0.013369467109441757,0.5070734620094299,0.4907635748386383,0.4926002621650696,-0.5092863440513611
2019-05-08/15:20:50.993626,cal_design_facebow_small,5,0.13248509168624878,0.023170271888375282,0.010153703391551971,0.5065987706184387,0.4919559955596924,0.49141842126846313,-0.5097500085830688
2019-05-08/15:20:50.993626,cal_design_facebow_normal,6,0.03241824358701706,0.022871440276503563,0.013370005413889885,0.507079005241394,0.49075648188591003,0.4926110506057739,-0.5092774629592896
2019-05-08/15:20:51.001421,cal_design_facebow_small,5,0.1324867457151413,0.023168744519352913,0.010155639611184597,0.5065916776657104,0.4919825792312622,0.49138396978378296,-0.5097646117210388
2019-05-08/15:20:51.001421,cal_design_facebow_normal,6,0.032418143004179,0.022873029112815857,0.013370892032980919,0.5070937275886536,0.4907641112804413,0.49261361360549927,-0.5092529058456421
2019-05-08/15:20:51.010896,cal_design_facebow_small,5,0.1324910968542099,0.023171253502368927,0.010155780240893364,0.506572425365448,0.49200958013534546,0.49134376645088196,-0.5097963809967041
2019-05-08/15:20:51.010896,cal_design_facebow_normal,6,0.03242282569408417,0.022873371839523315,0.0133711788803339,0.5070768594741821,0.4907626211643219,0.49259743094444275,-0.5092867016792297
2019-05-08/15:20:51.019378,cal_design_facebow_small,5,0.1324876993894577,0.023172438144683838,0.01015495415776968,0.5065779089927673,0.49199560284614563,0.49136266112327576,-0.5097861886024475
2019-05-08/15:20:51.019378,cal_design_facebow_normal,6,0.03241823613643646,0.02287425845861435,0.013370774686336517,0.5071019530296326,0.490741103887558,0.4926179349422455,-0.5092625021934509
2019-05-08/15:20:51.025543,cal_design_facebow_small,5,0.13248467445373535,0.023171316832304,0.010157369077205658,0.50661301612854,0.49197331070899963,0.49138861894607544,-0.5097478032112122
2019-05-08/15:20:51.025543,cal_design_facebow_normal,6,0.032420068979263306,0.022875651717185974,0.01337159052491188,0.5070822834968567,0.4907676577568054,0.49259504675865173,-0.5092788338661194
2019-05-08/15:20:51.036187,cal_design_facebow_small,5,0.13248705863952637,0.02317182719707489,0.010156945325434208,0.5066161751747131,0.4919903576374054,0.491377055644989,-0.509739339351654
2019-05-08/15:20:51.036187,cal_design_facebow_normal,6,0.03241948410868645,0.02287464402616024,0.013370727188885212,0.5070985555648804,0.49075257778167725,0.4926132559776306,-0.5092594027519226
